77.188002, 28.543004, 7.0
77.188029, 28.543057, 7.0
77.188055, 28.543109, 7.0
77.188081, 28.543161, 7.0
77.188108, 28.543214, 7.0
77.188108, 28.543214, 7.0
77.188058, 28.543252, 7.0
77.188008, 28.54329, 7.0
77.187959, 28.543327, 7.0
77.187909, 28.543365, 7.0
77.187909, 28.543365, 7.0
77.18791, 28.543417, 7.0
77.18791, 28.54347, 7.0
77.187911, 28.543522, 7.0
77.187912, 28.543574, 7.0
77.187912, 28.543574, 7.0
77.187849, 28.543598, 7.0
77.187787, 28.543623, 7.0
77.187725, 28.543647, 7.0
77.187663, 28.543672, 7.0
77.187601, 28.543696, 7.0
77.187538, 28.54372, 7.0
77.187476, 28.543745, 7.0
77.187476, 28.543745, 7.0
77.187427, 28.543738, 7.0
77.187377, 28.543732, 7.0
77.187377, 28.543732, 7.0
77.187351, 28.54368, 7.0
77.187325, 28.543627, 7.0
77.187299, 28.543575, 7.0
77.187274, 28.543523, 7.0
77.187248, 28.543471, 7.0
77.187222, 28.543419, 7.0
77.187196, 28.543366, 7.0
77.18717, 28.543314, 7.0
77.187144, 28.543262, 7.0
77.187144, 28.543262, 7.0
77.187154, 28.543205, 7.0
77.187164, 28.543148, 7.0
77.187173, 28.543091, 7.0
77.187183, 28.543035, 7.0
77.187183, 28.543035, 7.0
77.187238, 28.543004, 7.0
77.187293, 28.542973, 7.0
77.187348, 28.542943, 7.0
77.187403, 28.542912, 7.0
77.187458, 28.542882, 7.0
77.187514, 28.542851, 7.0
77.187569, 28.542821, 7.0
77.187624, 28.54279, 7.0
77.187679, 28.54276, 7.0
77.187734, 28.542729, 7.0
77.187789, 28.542699, 7.0
77.187789, 28.542699, 7.0
77.187825, 28.54275, 7.0
77.18786, 28.5428, 7.0
77.187896, 28.542851, 7.0
77.187931, 28.542902, 7.0
77.187967, 28.542953, 7.0
77.188002, 28.543004, 7.0
77.188002, 28.543004, 14.0
77.188029, 28.543057, 14.0
77.188055, 28.543109, 14.0
77.188081, 28.543161, 14.0
77.188108, 28.543214, 14.0
77.188108, 28.543214, 14.0
77.188058, 28.543252, 14.0
77.188008, 28.54329, 14.0
77.187959, 28.543327, 14.0
77.187909, 28.543365, 14.0
77.187909, 28.543365, 14.0
77.18791, 28.543417, 14.0
77.18791, 28.54347, 14.0
77.187911, 28.543522, 14.0
77.187912, 28.543574, 14.0
77.187912, 28.543574, 14.0
77.187849, 28.543598, 14.0
77.187787, 28.543623, 14.0
77.187725, 28.543647, 14.0
77.187663, 28.543672, 14.0
77.187601, 28.543696, 14.0
77.187538, 28.54372, 14.0
77.187476, 28.543745, 14.0
77.187476, 28.543745, 14.0
77.187427, 28.543738, 14.0
77.187377, 28.543732, 14.0
77.187377, 28.543732, 14.0
77.187351, 28.54368, 14.0
77.187325, 28.543627, 14.0
77.187299, 28.543575, 14.0
77.187274, 28.543523, 14.0
77.187248, 28.543471, 14.0
77.187222, 28.543419, 14.0
77.187196, 28.543366, 14.0
77.18717, 28.543314, 14.0
77.187144, 28.543262, 14.0
77.187144, 28.543262, 14.0
77.187154, 28.543205, 14.0
77.187164, 28.543148, 14.0
77.187173, 28.543091, 14.0
77.187183, 28.543035, 14.0
77.187183, 28.543035, 14.0
77.187238, 28.543004, 14.0
77.187293, 28.542973, 14.0
77.187348, 28.542943, 14.0
77.187403, 28.542912, 14.0
77.187458, 28.542882, 14.0
77.187514, 28.542851, 14.0
77.187569, 28.542821, 14.0
77.187624, 28.54279, 14.0
77.187679, 28.54276, 14.0
77.187734, 28.542729, 14.0
77.187789, 28.542699, 14.0
77.187789, 28.542699, 14.0
77.187825, 28.54275, 14.0
77.18786, 28.5428, 14.0
77.187896, 28.542851, 14.0
77.187931, 28.542902, 14.0
77.187967, 28.542953, 14.0
77.188002, 28.543004, 14.0
77.188002, 28.543004, 21.0
77.188029, 28.543057, 21.0
77.188055, 28.543109, 21.0
77.188081, 28.543161, 21.0
77.188108, 28.543214, 21.0
77.188108, 28.543214, 21.0
77.188058, 28.543252, 21.0
77.188008, 28.54329, 21.0
77.187959, 28.543327, 21.0
77.187909, 28.543365, 21.0
77.187909, 28.543365, 21.0
77.18791, 28.543417, 21.0
77.18791, 28.54347, 21.0
77.187911, 28.543522, 21.0
77.187912, 28.543574, 21.0
77.187912, 28.543574, 21.0
77.187849, 28.543598, 21.0
77.187787, 28.543623, 21.0
77.187725, 28.543647, 21.0
77.187663, 28.543672, 21.0
77.187601, 28.543696, 21.0
77.187538, 28.54372, 21.0
77.187476, 28.543745, 21.0
77.187476, 28.543745, 21.0
77.187427, 28.543738, 21.0
77.187377, 28.543732, 21.0
77.187377, 28.543732, 21.0
77.187351, 28.54368, 21.0
77.187325, 28.543627, 21.0
77.187299, 28.543575, 21.0
77.187274, 28.543523, 21.0
77.187248, 28.543471, 21.0
77.187222, 28.543419, 21.0
77.187196, 28.543366, 21.0
77.18717, 28.543314, 21.0
77.187144, 28.543262, 21.0
77.187144, 28.543262, 21.0
77.187154, 28.543205, 21.0
77.187164, 28.543148, 21.0
77.187173, 28.543091, 21.0
77.187183, 28.543035, 21.0
77.187183, 28.543035, 21.0
77.187238, 28.543004, 21.0
77.187293, 28.542973, 21.0
77.187348, 28.542943, 21.0
77.187403, 28.542912, 21.0
77.187458, 28.542882, 21.0
77.187514, 28.542851, 21.0
77.187569, 28.542821, 21.0
77.187624, 28.54279, 21.0
77.187679, 28.54276, 21.0
77.187734, 28.542729, 21.0
77.187789, 28.542699, 21.0
77.187789, 28.542699, 21.0
77.187825, 28.54275, 21.0
77.18786, 28.5428, 21.0
77.187896, 28.542851, 21.0
77.187931, 28.542902, 21.0
77.187967, 28.542953, 21.0
77.188002, 28.543004, 21.0
77.188002, 28.543004, 28.0
77.188029, 28.543057, 28.0
77.188055, 28.543109, 28.0
77.188081, 28.543161, 28.0
77.188108, 28.543214, 28.0
77.188108, 28.543214, 28.0
77.188058, 28.543252, 28.0
77.188008, 28.54329, 28.0
77.187959, 28.543327, 28.0
77.187909, 28.543365, 28.0
77.187909, 28.543365, 28.0
77.18791, 28.543417, 28.0
77.18791, 28.54347, 28.0
77.187911, 28.543522, 28.0
77.187912, 28.543574, 28.0
77.187912, 28.543574, 28.0
77.187849, 28.543598, 28.0
77.187787, 28.543623, 28.0
77.187725, 28.543647, 28.0
77.187663, 28.543672, 28.0
77.187601, 28.543696, 28.0
77.187538, 28.54372, 28.0
77.187476, 28.543745, 28.0
77.187476, 28.543745, 28.0
77.187427, 28.543738, 28.0
77.187377, 28.543732, 28.0
77.187377, 28.543732, 28.0
77.187351, 28.54368, 28.0
77.187325, 28.543627, 28.0
77.187299, 28.543575, 28.0
77.187274, 28.543523, 28.0
77.187248, 28.543471, 28.0
77.187222, 28.543419, 28.0
77.187196, 28.543366, 28.0
77.18717, 28.543314, 28.0
77.187144, 28.543262, 28.0
77.187144, 28.543262, 28.0
77.187154, 28.543205, 28.0
77.187164, 28.543148, 28.0
77.187173, 28.543091, 28.0
77.187183, 28.543035, 28.0
77.187183, 28.543035, 28.0
77.187238, 28.543004, 28.0
77.187293, 28.542973, 28.0
77.187348, 28.542943, 28.0
77.187403, 28.542912, 28.0
77.187458, 28.542882, 28.0
77.187514, 28.542851, 28.0
77.187569, 28.542821, 28.0
77.187624, 28.54279, 28.0
77.187679, 28.54276, 28.0
77.187734, 28.542729, 28.0
77.187789, 28.542699, 28.0
77.187789, 28.542699, 28.0
77.187825, 28.54275, 28.0
77.18786, 28.5428, 28.0
77.187896, 28.542851, 28.0
77.187931, 28.542902, 28.0
77.187967, 28.542953, 28.0
77.188002, 28.543004, 28.0
77.188002, 28.543004, 35.0
77.188029, 28.543057, 35.0
77.188055, 28.543109, 35.0
77.188081, 28.543161, 35.0
77.188108, 28.543214, 35.0
77.188108, 28.543214, 35.0
77.188058, 28.543252, 35.0
77.188008, 28.54329, 35.0
77.187959, 28.543327, 35.0
77.187909, 28.543365, 35.0
77.187909, 28.543365, 35.0
77.18791, 28.543417, 35.0
77.18791, 28.54347, 35.0
77.187911, 28.543522, 35.0
77.187912, 28.543574, 35.0
77.187912, 28.543574, 35.0
77.187849, 28.543598, 35.0
77.187787, 28.543623, 35.0
77.187725, 28.543647, 35.0
77.187663, 28.543672, 35.0
77.187601, 28.543696, 35.0
77.187538, 28.54372, 35.0
77.187476, 28.543745, 35.0
77.187476, 28.543745, 35.0
77.187427, 28.543738, 35.0
77.187377, 28.543732, 35.0
77.187377, 28.543732, 35.0
77.187351, 28.54368, 35.0
77.187325, 28.543627, 35.0
77.187299, 28.543575, 35.0